{
 "cells": [
  {
   "cell_type": "markdown",
   "id": "2b2d2ba3-9e30-4945-b4e9-90a2d55cf85c",
   "metadata": {},
   "source": [
    "# DURATION"
   ]
  },
  {
   "cell_type": "code",
   "execution_count": 1,
   "id": "b865ec4b-65e2-403d-8f21-c5f9e11ed085",
   "metadata": {},
   "outputs": [],
   "source": [
    "import pandas as pd\n",
    "import numpy as np\n",
    "import matplotlib.pyplot as plt\n",
    "from sklearn.metrics import mean_squared_error\n",
    "from math import sqrt\n",
    "import scipy\n",
    "import seaborn as sns\n",
    "from datetime import datetime\n",
    "import matplotlib.pyplot as plt\n",
    "import matplotlib.dates as mdates\n",
    "from matplotlib.dates import DateFormatter\n",
    "import statsmodels.formula.api as sm\n",
    "import copy\n",
    "import matplotlib.lines as mlines\n",
    "import matplotlib.transforms as mtransforms\n",
    "import sklearn\n",
    "from math import sqrt\n",
    "from functools import reduce\n",
    "import numpy as np\n",
    "#import ee\n",
    "#import geemap\n",
    "import geopandas as gpd\n",
    "import rioxarray as rxr\n",
    "import rasterstats as rs\n",
    "from rasterio.plot import show\n",
    "import rasterio\n",
    "import cartopy.crs as ccrs\n",
    "import gdal\n",
    "%matplotlib inline\n",
    "plt.rcParams[\"font.family\"] = \"Arial\""
   ]
  },
  {
   "cell_type": "markdown",
   "id": "6afe7e09-89d1-46e3-b525-d1533273b613",
   "metadata": {},
   "source": [
    "# IRRIGATED\n",
    "## NDVI AND OTHER DATA 2001-2018"
   ]
  },
  {
   "cell_type": "code",
   "execution_count": 2,
   "id": "45038e02-1891-4027-8b14-5ca2fc2fbb7b",
   "metadata": {},
   "outputs": [
    {
     "data": {
      "text/html": [
       "<div>\n",
       "<style scoped>\n",
       "    .dataframe tbody tr th:only-of-type {\n",
       "        vertical-align: middle;\n",
       "    }\n",
       "\n",
       "    .dataframe tbody tr th {\n",
       "        vertical-align: top;\n",
       "    }\n",
       "\n",
       "    .dataframe thead th {\n",
       "        text-align: right;\n",
       "    }\n",
       "</style>\n",
       "<table border=\"1\" class=\"dataframe\">\n",
       "  <thead>\n",
       "    <tr style=\"text-align: right;\">\n",
       "      <th></th>\n",
       "      <th>value</th>\n",
       "      <th>yr1</th>\n",
       "      <th>yr3</th>\n",
       "      <th>yr5</th>\n",
       "      <th>yr10</th>\n",
       "      <th>yr15</th>\n",
       "      <th>test</th>\n",
       "    </tr>\n",
       "  </thead>\n",
       "  <tbody>\n",
       "    <tr>\n",
       "      <th>value</th>\n",
       "      <td>1.000000</td>\n",
       "      <td>0.559602</td>\n",
       "      <td>0.643953</td>\n",
       "      <td>0.685701</td>\n",
       "      <td>0.655501</td>\n",
       "      <td>0.644595</td>\n",
       "      <td>NaN</td>\n",
       "    </tr>\n",
       "    <tr>\n",
       "      <th>yr1</th>\n",
       "      <td>0.559602</td>\n",
       "      <td>1.000000</td>\n",
       "      <td>0.877406</td>\n",
       "      <td>0.915645</td>\n",
       "      <td>0.891992</td>\n",
       "      <td>0.818549</td>\n",
       "      <td>NaN</td>\n",
       "    </tr>\n",
       "    <tr>\n",
       "      <th>yr3</th>\n",
       "      <td>0.643953</td>\n",
       "      <td>0.877406</td>\n",
       "      <td>1.000000</td>\n",
       "      <td>0.972304</td>\n",
       "      <td>0.934850</td>\n",
       "      <td>0.896316</td>\n",
       "      <td>NaN</td>\n",
       "    </tr>\n",
       "    <tr>\n",
       "      <th>yr5</th>\n",
       "      <td>0.685701</td>\n",
       "      <td>0.915645</td>\n",
       "      <td>0.972304</td>\n",
       "      <td>1.000000</td>\n",
       "      <td>0.952178</td>\n",
       "      <td>0.884104</td>\n",
       "      <td>NaN</td>\n",
       "    </tr>\n",
       "    <tr>\n",
       "      <th>yr10</th>\n",
       "      <td>0.655501</td>\n",
       "      <td>0.891992</td>\n",
       "      <td>0.934850</td>\n",
       "      <td>0.952178</td>\n",
       "      <td>1.000000</td>\n",
       "      <td>0.955159</td>\n",
       "      <td>NaN</td>\n",
       "    </tr>\n",
       "    <tr>\n",
       "      <th>yr15</th>\n",
       "      <td>0.644595</td>\n",
       "      <td>0.818549</td>\n",
       "      <td>0.896316</td>\n",
       "      <td>0.884104</td>\n",
       "      <td>0.955159</td>\n",
       "      <td>1.000000</td>\n",
       "      <td>NaN</td>\n",
       "    </tr>\n",
       "    <tr>\n",
       "      <th>test</th>\n",
       "      <td>NaN</td>\n",
       "      <td>NaN</td>\n",
       "      <td>NaN</td>\n",
       "      <td>NaN</td>\n",
       "      <td>NaN</td>\n",
       "      <td>NaN</td>\n",
       "      <td>NaN</td>\n",
       "    </tr>\n",
       "  </tbody>\n",
       "</table>\n",
       "</div>"
      ],
      "text/plain": [
       "          value       yr1       yr3       yr5      yr10      yr15  test\n",
       "value  1.000000  0.559602  0.643953  0.685701  0.655501  0.644595   NaN\n",
       "yr1    0.559602  1.000000  0.877406  0.915645  0.891992  0.818549   NaN\n",
       "yr3    0.643953  0.877406  1.000000  0.972304  0.934850  0.896316   NaN\n",
       "yr5    0.685701  0.915645  0.972304  1.000000  0.952178  0.884104   NaN\n",
       "yr10   0.655501  0.891992  0.934850  0.952178  1.000000  0.955159   NaN\n",
       "yr15   0.644595  0.818549  0.896316  0.884104  0.955159  1.000000   NaN\n",
       "test        NaN       NaN       NaN       NaN       NaN       NaN   NaN"
      ]
     },
     "execution_count": 2,
     "metadata": {},
     "output_type": "execute_result"
    }
   ],
   "source": [
    "ndviFilePath='/Users/delatorredm/OneDrive - The University of Auckland/Ch4_Climate_Impacts/geospatial_layers/pts_seasonalCompositeNDVI_2001-2018_SUM_JAS.gpkg'\n",
    "points = gpd.read_file(ndviFilePath)\n",
    "points = points[(points.Class == 'Irrigated Rice')].groupby(['Class','ADM3_EN']).mean().reset_index()\n",
    "# Rename column headings\n",
    "points = points.rename(columns=dict(zip(list(points.columns[2:20]), list(np.arange(2001, 2019, 1)))))\n",
    "points['yr1'] = points.loc[: , 2017:2017].mean(axis=1)\n",
    "points['yr3'] = points.loc[: , 2014:2017].mean(axis=1)\n",
    "points['yr5'] = points.loc[: , 2012:2017].mean(axis=1)\n",
    "points['yr10'] = points.loc[: , 2008:2017].mean(axis=1)\n",
    "points['yr15'] = points.loc[: , 2003:2017].mean(axis=1)\n",
    "\n",
    "\n",
    "## ACTUAL DATA 2001-2018\n",
    "\n",
    "startYear = 2014\n",
    "endYear = 2017 #2017\n",
    "\n",
    "actual = pd.read_csv('/Users/delatorredm/OneDrive - The University of Auckland/Ch4_Climate_Impacts/iloilo_rice_data_cleaned_imputed_new.csv')\n",
    "actual = actual[(actual.param == 'yield') & (actual.ecosystem == 'irri')].reset_index(drop=True)\n",
    "actual = actual[(actual.year <= endYear) & (actual.year >= startYear)].groupby('muni').mean().reset_index(drop=False)\n",
    "\n",
    "\n",
    "merged = pd.merge(actual, points, left_on='muni', right_on='ADM3_EN')\n",
    "\n",
    "df = pd.DataFrame(merged,columns=['value','yr1',\t'yr3',\t'yr5',\t'yr10','yr15','test'])\n",
    "df.corr()\n"
   ]
  },
  {
   "cell_type": "code",
   "execution_count": null,
   "id": "31843e43-7f82-4d38-a233-16a22bc3a55e",
   "metadata": {},
   "outputs": [],
   "source": []
  },
  {
   "cell_type": "markdown",
   "id": "47d3d5b4-aa48-41ba-b202-103dd55bc6f3",
   "metadata": {},
   "source": [
    "# RAINFED\n",
    "## NDVI AND OTHER DATA 2001-2018"
   ]
  },
  {
   "cell_type": "code",
   "execution_count": 28,
   "id": "87c64c36-77c7-4ed8-b894-9db364a0b2af",
   "metadata": {},
   "outputs": [
    {
     "data": {
      "text/html": [
       "<div>\n",
       "<style scoped>\n",
       "    .dataframe tbody tr th:only-of-type {\n",
       "        vertical-align: middle;\n",
       "    }\n",
       "\n",
       "    .dataframe tbody tr th {\n",
       "        vertical-align: top;\n",
       "    }\n",
       "\n",
       "    .dataframe thead th {\n",
       "        text-align: right;\n",
       "    }\n",
       "</style>\n",
       "<table border=\"1\" class=\"dataframe\">\n",
       "  <thead>\n",
       "    <tr style=\"text-align: right;\">\n",
       "      <th></th>\n",
       "      <th>value</th>\n",
       "      <th>yr1</th>\n",
       "      <th>yr3</th>\n",
       "      <th>yr5</th>\n",
       "      <th>yr10</th>\n",
       "      <th>yr15</th>\n",
       "    </tr>\n",
       "  </thead>\n",
       "  <tbody>\n",
       "    <tr>\n",
       "      <th>value</th>\n",
       "      <td>1.000000</td>\n",
       "      <td>0.151975</td>\n",
       "      <td>0.137328</td>\n",
       "      <td>0.196131</td>\n",
       "      <td>0.155008</td>\n",
       "      <td>0.126439</td>\n",
       "    </tr>\n",
       "    <tr>\n",
       "      <th>yr1</th>\n",
       "      <td>0.151975</td>\n",
       "      <td>1.000000</td>\n",
       "      <td>0.737282</td>\n",
       "      <td>0.718114</td>\n",
       "      <td>0.615712</td>\n",
       "      <td>0.502829</td>\n",
       "    </tr>\n",
       "    <tr>\n",
       "      <th>yr3</th>\n",
       "      <td>0.137328</td>\n",
       "      <td>0.737282</td>\n",
       "      <td>1.000000</td>\n",
       "      <td>0.989274</td>\n",
       "      <td>0.966290</td>\n",
       "      <td>0.929706</td>\n",
       "    </tr>\n",
       "    <tr>\n",
       "      <th>yr5</th>\n",
       "      <td>0.196131</td>\n",
       "      <td>0.718114</td>\n",
       "      <td>0.989274</td>\n",
       "      <td>1.000000</td>\n",
       "      <td>0.977820</td>\n",
       "      <td>0.937372</td>\n",
       "    </tr>\n",
       "    <tr>\n",
       "      <th>yr10</th>\n",
       "      <td>0.155008</td>\n",
       "      <td>0.615712</td>\n",
       "      <td>0.966290</td>\n",
       "      <td>0.977820</td>\n",
       "      <td>1.000000</td>\n",
       "      <td>0.985227</td>\n",
       "    </tr>\n",
       "    <tr>\n",
       "      <th>yr15</th>\n",
       "      <td>0.126439</td>\n",
       "      <td>0.502829</td>\n",
       "      <td>0.929706</td>\n",
       "      <td>0.937372</td>\n",
       "      <td>0.985227</td>\n",
       "      <td>1.000000</td>\n",
       "    </tr>\n",
       "  </tbody>\n",
       "</table>\n",
       "</div>"
      ],
      "text/plain": [
       "          value       yr1       yr3       yr5      yr10      yr15\n",
       "value  1.000000  0.151975  0.137328  0.196131  0.155008  0.126439\n",
       "yr1    0.151975  1.000000  0.737282  0.718114  0.615712  0.502829\n",
       "yr3    0.137328  0.737282  1.000000  0.989274  0.966290  0.929706\n",
       "yr5    0.196131  0.718114  0.989274  1.000000  0.977820  0.937372\n",
       "yr10   0.155008  0.615712  0.966290  0.977820  1.000000  0.985227\n",
       "yr15   0.126439  0.502829  0.929706  0.937372  0.985227  1.000000"
      ]
     },
     "execution_count": 28,
     "metadata": {},
     "output_type": "execute_result"
    }
   ],
   "source": [
    "ndviFilePath='/Users/delatorredm/OneDrive - The University of Auckland/Ch4_Climate_Impacts/geospatial_layers/pts_seasonalCompositeNDVI_2001-2018_SUM_JFM.gpkg'\n",
    "points = gpd.read_file(ndviFilePath)\n",
    "points = points[(points.Class == 'Rain-fed Rice')].groupby(['Class','ADM3_EN']).mean().reset_index()\n",
    "# Rename column headings\n",
    "points = points.rename(columns=dict(zip(list(points.columns[2:20]), list(np.arange(2001, 2019, 1)))))\n",
    "points['yr1'] = points.loc[: , 2017:2017].mean(axis=1)\n",
    "points['yr3'] = points.loc[: , 2014:2017].mean(axis=1)\n",
    "points['yr5'] = points.loc[: , 2012:2017].mean(axis=1)\n",
    "points['yr10'] = points.loc[: , 2008:2017].mean(axis=1)\n",
    "points['yr15'] = points.loc[: , 2003:2017].mean(axis=1)\n",
    "points\n",
    "\n",
    "## ACTUAL DATA 2001-2018\n",
    "\n",
    "startYear = 2003\n",
    "endYear = 2017 #2017\n",
    "\n",
    "actual = pd.read_csv('/Users/delatorredm/OneDrive - The University of Auckland/Ch4_Climate_Impacts/iloilo_rice_data_cleaned_imputed_new.csv')\n",
    "actual = actual[(actual.param == 'yield') & (actual.ecosystem == 'rf')].reset_index(drop=True)\n",
    "actual = actual[(actual.year <= endYear) & (actual.year >= startYear)].groupby('muni').mean().reset_index(drop=False)\n",
    "\n",
    "\n",
    "merged = pd.merge(actual, points, left_on='muni', right_on='ADM3_EN')\n",
    "\n",
    "df = pd.DataFrame(merged,columns=['ADM3_EN','value','yr1',\t'yr3',\t'yr5',\t'yr10','yr15'])\n",
    "df = df.loc[df['ADM3_EN'].isin([\n",
    "'Carles',\n",
    "'Lambunao',\n",
    "'Calinog',\n",
    "'Duenas',\n",
    "'Estancia',\n",
    "'Sta Barbara',\n",
    "'Maasin',\n",
    "'Cabatuan',\n",
    "'Leon',\n",
    "'Bingawan',\n",
    "'Passi City',\n",
    "'Badiangan',\n",
    "'San Dionisio',\n",
    "'Balasan',\n",
    "'Alimodian',\n",
    "'Guimbal',\n",
    "'New Lucena',\n",
    "'Igbaras',\n",
    "'Tubungan',\n",
    "'Janiuay',\n",
    "'San Enrique',\n",
    "'Iloilo City',\n",
    "'Batad' \n",
    "])]\n",
    "\n",
    "\n",
    "df.corr()"
   ]
  },
  {
   "cell_type": "code",
   "execution_count": null,
   "id": "00ce28d9-2fca-44a0-ae12-d20b2405233b",
   "metadata": {},
   "outputs": [],
   "source": []
  }
 ],
 "metadata": {
  "kernelspec": {
   "display_name": "Python 3 (ipykernel)",
   "language": "python",
   "name": "python3"
  },
  "language_info": {
   "codemirror_mode": {
    "name": "ipython",
    "version": 3
   },
   "file_extension": ".py",
   "mimetype": "text/x-python",
   "name": "python",
   "nbconvert_exporter": "python",
   "pygments_lexer": "ipython3",
   "version": "3.8.12"
  }
 },
 "nbformat": 4,
 "nbformat_minor": 5
}
